-1.008281292676925567e+00
-1.006931840717792515e+00
-1.009052323162555664e+00
-1.008840015053749095e+00
-1.008125689148902993e+00
-1.006733147084712954e+00
-1.007295208334922698e+00
-1.004678144872188650e+00
-1.008176504850387678e+00
-1.006567890703678136e+00
-1.010100651323795340e+00
-1.007562154531478793e+00
-1.006622581124305693e+00
-1.007097508311271650e+00
-1.006222533583640999e+00
-1.005488635063171321e+00
-1.005174183309078151e+00
-1.003876895010471282e+00
-1.007383226633072004e+00
-1.006398025095462723e+00
-1.007000140905380148e+00
-1.007119642257690462e+00
-1.005010436832904919e+00
-1.008275849282741499e+00
-1.007361766517162360e+00
-1.006110596239566890e+00
-1.004789441168308262e+00
-1.007885166347026740e+00
-1.005094394624233223e+00
-1.006169941008090873e+00
-1.007243742942810050e+00
-1.006344261825084629e+00
-1.006723199427127735e+00
-1.006903905093669893e+00
-1.007716023862361920e+00
-1.007853003144264292e+00
-1.007626705408096290e+00
-1.007408301830291730e+00
-1.007809232175350234e+00
-1.006029759645461930e+00
-1.006293391406536175e+00
-1.006758714854717240e+00
-1.007833177745342201e+00
-1.006330408871173754e+00
-1.007218680202961014e+00
-1.007565307319164383e+00
-1.008511987030506152e+00
-1.006278449237346662e+00
-1.006751819252967861e+00
-1.007541328787803669e+00
-1.006502663791179586e+00
-1.006877020478248674e+00
-1.008776085972785896e+00
-1.006930893778801073e+00
-1.008346310198307005e+00
-1.004500101327896022e+00
-1.006330528318881923e+00
-1.009274643301963703e+00
-1.007083932220935729e+00
-1.008036139369010931e+00
-1.007427709996700393e+00
-1.007087834239005941e+00
-1.007589578092098259e+00
-1.005450774013996185e+00
-1.008196359515190155e+00
-1.007184331893920870e+00
-1.007217012345790863e+00
-1.006164618372917152e+00
-1.007304995656013391e+00
-1.006435520827770214e+00
-1.007634514093399103e+00
-1.005790129661560117e+00
-1.007577850937843245e+00
-1.006998119175434026e+00
-1.008811747610568910e+00
-1.006290254831314179e+00
-1.005711593389511105e+00
-1.009520188152789988e+00
-1.007278974533081017e+00
-1.007618839681148515e+00
-1.007915187180042249e+00
-1.007727433562278785e+00
-1.009085621774196584e+00
-1.006069122254848569e+00
-1.007445200324058598e+00
-1.008110750257968924e+00
-1.007220837295055293e+00
-1.007312871158122958e+00
-1.005283730208873738e+00
-1.006758488714694977e+00
-1.006420945167541436e+00
-1.007298872411251045e+00
-1.006828589856624712e+00
-1.007706493318080820e+00
-1.008400155127048503e+00
-1.006254104614257905e+00
-1.005881129503250149e+00
-1.008787146389484413e+00
-1.004962716519832711e+00
-1.005632121086120545e+00
