-1.005309511601924832e+00
-1.005151930987834952e+00
-1.002143607795238589e+00
-1.003662603795528518e+00
-1.006224551975727133e+00
-1.003732166886329713e+00
-1.006218474864959633e+00
-1.001742476522922587e+00
-1.002947772562503781e+00
-1.003941619694233012e+00
-1.005715508520603096e+00
-1.003765218019485372e+00
-1.002432764291763201e+00
-1.002649653077125613e+00
-1.000863550603389829e+00
-1.004941938579082539e+00
-1.002286841869354239e+00
-1.003247143149375908e+00
-1.005237410604953752e+00
-1.003496703684330082e+00
-1.005454099714756078e+00
-1.005645292043686023e+00
-1.005333222448825836e+00
-1.004171807289123475e+00
-1.002869000911712716e+00
-1.005521097600460045e+00
-1.005104504525661469e+00
-1.005492704749107347e+00
-1.003132806897163443e+00
-1.003989127218723354e+00
-1.004962185144424369e+00
-1.003878424644470302e+00
-1.004498921811580736e+00
-1.003674983799457632e+00
-1.001932107925415094e+00
-1.004440648734569619e+00
-1.003304050743579756e+00
-1.005041418313980195e+00
-1.002794183433055819e+00
-1.004123010158538776e+00
-1.005126761972904292e+00
-1.004166318178176809e+00
-1.003210913658142189e+00
-1.003760479807853656e+00
-1.004566330492496551e+00
-1.006818323850631636e+00
-1.003333249568939101e+00
-1.001431947767734476e+00
-1.003271481513977159e+00
-1.008162670969963148e+00
-1.004043107509613009e+00
-1.005662444412708245e+00
-1.002563868999481134e+00
-1.002136608421802411e+00
-1.004866066813469017e+00
-1.004322139024734550e+00
-1.004176326274871744e+00
-1.004745070219039915e+00
-1.004374185323715141e+00
-1.003125700950622479e+00
-1.004438231468200771e+00
-1.001957900941371937e+00
-1.003532218992710057e+00
-1.001110327124595578e+00
-1.006078777909278799e+00
-1.004128625929355589e+00
-1.002829764842987137e+00
-1.003831389605998936e+00
-1.001826046109199453e+00
-1.005025228321552166e+00
-1.001295608043670571e+00
-1.005396968424320248e+00
-1.002583471477031640e+00
-1.003973891973495514e+00
-1.004072905957698714e+00
-1.003912428796291278e+00
-1.004974436700344143e+00
-1.005903711020946556e+00
-1.005667199671268497e+00
-1.002694152057170829e+00
-1.004062730729579966e+00
-1.003905014157295161e+00
-1.002730404913425355e+00
-1.002963502228260140e+00
-1.004657361447811148e+00
-1.004222571313381218e+00
-1.001675224483013160e+00
-1.004587545633315981e+00
-1.006331270933151334e+00
-1.002701557457447157e+00
-1.006931089878082330e+00
-1.005147045373916637e+00
-1.002996122479438812e+00
-1.003995510578155503e+00
-1.002340431034564938e+00
-1.004942697584628952e+00
-1.003762858152389637e+00
-1.003665890634059865e+00
-1.002879953145980885e+00
-1.003092840313911438e+00
