-9.995668100188640492e-01
-9.978084808411206152e-01
-9.996439745850295155e-01
-9.995301196140020661e-01
-9.987552550317538858e-01
-9.997616997932141647e-01
-9.980739135544131058e-01
-9.983988129188599014e-01
-1.000276307855358038e+00
-9.980738789410946721e-01
-9.993330304495943173e-01
-1.001389666537279011e+00
-9.989668927298345213e-01
-9.984026684619511371e-01
-9.992480625538447958e-01
-9.980645277990264352e-01
-9.981317302083049237e-01
-9.988075673067724480e-01
-9.987549550382703867e-01
-9.988793019578910970e-01
-9.979944149774612194e-01
-9.988663020263737202e-01
-9.992676750224820381e-01
-9.997001598471929595e-01
-9.996796733780174415e-01
-9.999376411786403684e-01
-9.994679757911579809e-01
-9.992449837653409883e-01
-9.987569138163874261e-01
-9.975864607661166783e-01
-1.000038529909253127e+00
-9.982913018663215343e-01
-9.974614549343668868e-01
-1.000134260116852580e+00
-9.997530459782447698e-01
-9.997093822136793317e-01
-9.993110691655899824e-01
-9.971444080241183006e-01
-9.992147499593125870e-01
-9.986709497281485159e-01
-1.000261335330586032e+00
-9.995689512087810868e-01
-9.979579096578238273e-01
-9.987280699616343238e-01
-9.991304483919478674e-01
-1.001522159543104529e+00
-9.992897428436879892e-01
-1.000083729590734327e+00
-9.995607408418289985e-01
-1.000190466813260626e+00
-9.996133482445355156e-01
-9.981633133730036800e-01
-9.990648464616920243e-01
-1.000103357205619270e+00
-9.993009214946516616e-01
-9.973807022460735583e-01
-1.000194735101560539e+00
-1.000486567871099242e+00
-1.000697425320954626e+00
-9.998236913392184455e-01
-9.991484843670260796e-01
-9.995811809961255845e-01
-9.980396414488336143e-01
-1.000806772473067596e+00
-9.995021017886791537e-01
-9.986155161157465043e-01
-9.999390256887595863e-01
-9.989686379268243321e-01
-9.990526549533559342e-01
-9.975934983839263026e-01
-9.968894999218076425e-01
-1.000218422680074992e+00
-1.000157698402518669e+00
-9.987178931242637336e-01
-9.974182891191256672e-01
-9.997843753839777969e-01
-9.997699700604192330e-01
-9.989661881549214417e-01
-9.989976114557822529e-01
-9.973204381288494069e-01
-9.992404303523026998e-01
-9.974764790420898031e-01
-9.982062792043133737e-01
-9.997519174556613875e-01
-9.965613773311927659e-01
-9.999178979511637033e-01
-9.993698385244271787e-01
-1.000008357088380428e+00
-9.989239553750695055e-01
-1.000695903878112247e+00
-9.995053596075293978e-01
-9.995717759250422052e-01
-1.000563419737468207e+00
-1.000053763083489367e+00
-1.000546992869738805e+00
-9.979960535422183199e-01
-9.984896943325707319e-01
-9.983581924717885858e-01
-1.000103101529710825e+00
-9.995280969720312658e-01
