-1.002154281318187623e+00
-1.002380105614662176e+00
-1.003269974350929239e+00
-9.978573623299599182e-01
-1.002049766778945861e+00
-1.003080652534961592e+00
-1.001247624874114894e+00
-1.002924888312816565e+00
-1.000438494980335324e+00
-9.992294985651969386e-01
-9.993701531291008244e-01
-1.000792359590530367e+00
-1.000367989540100089e+00
-1.002719011008739391e+00
-1.001152389049529967e+00
-1.000567793607711753e+00
-1.002205893993377783e+00
-1.000670883774757325e+00
-1.002404400885105185e+00
-1.002717317342758152e+00
-1.004834097325801867e+00
-1.002282507121562860e+00
-9.998163424730300841e-01
-9.988976272344589624e-01
-1.000967796325683556e+00
-1.002092714190483180e+00
-1.003491248250007573e+00
-1.001808126509189600e+00
-9.984915423393249112e-01
-1.004197412371635512e+00
-1.000319952487945585e+00
-1.002284922361373898e+00
-1.002530524134635836e+00
-1.003170378088951153e+00
-1.001853035211563103e+00
-1.002271453440189308e+00
-1.001678859889507223e+00
-1.004823312699794746e+00
-1.003677084445953271e+00
-1.002219804584979945e+00
-1.002170941829681361e+00
-1.000414940834045474e+00
-1.005382371664047314e+00
-1.003048927187919714e+00
-1.001895091176032926e+00
-9.991247312426566607e-01
-1.002603895187377914e+00
-1.001794444918632454e+00
-1.002083415567874836e+00
-1.002296882510185227e+00
-1.001290600836276967e+00
-1.002627155005931803e+00
-1.002751169741153747e+00
-1.003646245718002428e+00
-1.004139160215854698e+00
-1.002577692031860312e+00
-1.000207670986652309e+00
-1.002763010501861674e+00
-1.003890839517116440e+00
-9.993415327072143750e-01
-1.002405176699161515e+00
-1.001677037954330496e+00
-1.002505941331386596e+00
-1.000498553156852655e+00
-1.002237034440040642e+00
-1.002752942085266108e+00
-1.002908037722110679e+00
-1.002294555664062559e+00
-1.002371257781982328e+00
-1.001115650713443772e+00
-1.002472322642803171e+00
-1.000565921843051820e+00
-1.004241300463676545e+00
-1.003587423264980405e+00
-1.002942314505577137e+00
-1.000089839518070178e+00
-1.003102684974670478e+00
-1.002256589651107754e+00
-1.001171787321567530e+00
-1.002066246926784476e+00
-1.000749912738799985e+00
-1.001980884492397417e+00
-1.000958647727966389e+00
-1.001796447873115614e+00
-1.002394586265087151e+00
-1.001720148205757166e+00
-1.003198237657547010e+00
-1.001181104242801601e+00
-1.000904732584953383e+00
-1.003629407644271776e+00
-1.002291403949260751e+00
-9.994078604578972014e-01
-1.002020174920558837e+00
-1.002449271917343232e+00
-1.001652870535850504e+00
-1.001866221964359260e+00
-1.001511460423469613e+00
-1.000447431206703097e+00
-1.000026270210742974e+00
-1.000998610317707094e+00
