-9.996816063523292772e-01
-9.988728193640709074e-01
-1.001685797154903357e+00
-1.000302949607372316e+00
-1.000754486203193627e+00
-1.001255020737648049e+00
-9.983496759533881937e-01
-9.992901561856269987e-01
-1.001503784298896749e+00
-9.986309998631477391e-01
-1.000560270369052818e+00
-1.000035317361354759e+00
-9.998507025241851753e-01
-1.000359580636024370e+00
-1.001228584110736897e+00
-9.995219057202339163e-01
-9.988208230733871540e-01
-1.001756062328815533e+00
-1.002697992503642999e+00
-9.997741093039512750e-01
-1.000183421194553279e+00
-1.001280941724777218e+00
-1.001518727123737351e+00
-1.000464587032795061e+00
-9.990286014676094117e-01
-1.001534317970275811e+00
-1.000261594653129471e+00
-9.991634057760239163e-01
-1.000544625759124839e+00
-1.002081620454788213e+00
-9.996780401468277066e-01
-1.000254137754440276e+00
-1.003236383199691772e+00
-1.000442454516887736e+00
-9.997055172324180727e-01
-9.978576673865318103e-01
-1.002041137874126520e+00
-1.001323612749576597e+00
-1.001026596367359245e+00
-9.994740385413170003e-01
-1.000808046698570264e+00
-1.000957457780838000e+00
-1.002656992375850598e+00
-1.000045706629753006e+00
-9.981428153514861901e-01
-9.990284599661827247e-01
-1.000204487502574846e+00
-9.996369533538818075e-01
-1.000779370486736264e+00
-1.001352381229400734e+00
-9.986582567095756424e-01
-1.001087285220622958e+00
-9.978809962868691041e-01
-1.000344401299953390e+00
-9.992615364789962928e-01
-1.001825714111328036e+00
-1.001354028582572830e+00
-1.001937116146087714e+00
-1.002293344378471396e+00
-1.000418986439704838e+00
-1.001513443589210572e+00
-9.992778778672218865e-01
-9.997593362331390621e-01
-1.002793915390968404e+00
-1.000440956950187754e+00
-1.000697923421859814e+00
-9.986473402976989711e-01
-1.002516527473926500e+00
-1.003370375633239719e+00
-1.000848765969276410e+00
-9.991005582809447949e-01
-1.002668257474899294e+00
-1.000648860514163907e+00
-1.000672883570194349e+00
-1.000113192737102530e+00
-1.000965502858161882e+00
-1.000081398010253864e+00
-1.000152564346790340e+00
-1.001101066589355382e+00
-9.994272399544715801e-01
-1.001072398424148524e+00
-1.003600711464881945e+00
-1.000921212255954762e+00
-1.000445183038711550e+00
-1.000291430473327692e+00
-1.001216025769710471e+00
-1.000563554942607958e+00
-9.978530114889144764e-01
-1.000627134144306263e+00
-1.000490599215030585e+00
-1.002434695422649291e+00
-9.998685707449912474e-01
-1.001647359788417901e+00
-1.002550626039504955e+00
-1.002412869691848840e+00
-1.001834634363651277e+00
-1.000002610743045750e+00
-1.000625373601913504e+00
-1.000988791346550055e+00
-1.001756614744663265e+00
