-1.029429640352725883e+00
-1.031132221937179461e+00
-1.026908826351165871e+00
-1.030120284318923884e+00
-1.029629302024841264e+00
-1.029762376487254993e+00
-1.028188561439514093e+00
-1.027587736904621130e+00
-1.031329583346843659e+00
-1.029832290828228025e+00
-1.032225991547107702e+00
-1.029628873586654558e+00
-1.029015208721160812e+00
-1.029477422177791590e+00
-1.027150363802909805e+00
-1.028624342083930943e+00
-1.029885543584823537e+00
-1.028580802500247859e+00
-1.027980004668235692e+00
-1.031667854249477490e+00
-1.030046615481376548e+00
-1.029553763389587484e+00
-1.032524944901466402e+00
-1.027883610188961017e+00
-1.030794498562812800e+00
-1.031151576280593840e+00
-1.030223585009574894e+00
-1.029501319944858606e+00
-1.031688393533229720e+00
-1.028190144658088778e+00
-1.029297739028930625e+00
-1.030242210388183643e+00
-1.027199021577835047e+00
-1.029543378412723476e+00
-1.029292927801608970e+00
-1.030917136549949653e+00
-1.033347744822502134e+00
-1.030272871017456016e+00
-1.029086881995201042e+00
-1.031576684355735685e+00
-1.031841012120246814e+00
-1.032970699429512029e+00
-1.030135080993175523e+00
-1.030533550918102170e+00
-1.029641596019267968e+00
-1.030683866858482345e+00
-1.029502299010753630e+00
-1.030233033120632191e+00
-1.030318974018096911e+00
-1.031267829000949821e+00
-1.030871803760528671e+00
-1.030299336016178069e+00
-1.030934983432292951e+00
-1.029880833268165485e+00
-1.028859351277351397e+00
-1.027732877671718503e+00
-1.029846689164638507e+00
-1.030803710937499895e+00
-1.031792455554008558e+00
-1.030144985079765263e+00
-1.032498698592186015e+00
-1.028337805330753252e+00
-1.031147073924541413e+00
-1.028249686241149874e+00
-1.032498637735843605e+00
-1.030066537082195310e+00
-1.029310457944869972e+00
-1.029841678380966297e+00
-1.030439847826957633e+00
-1.029006941258907348e+00
-1.029499372303485760e+00
-1.031154204189777435e+00
-1.034204539120197275e+00
-1.030591049194335973e+00
-1.031949707627296542e+00
-1.032140978872776005e+00
-1.028007982373237539e+00
-1.028886222362518366e+00
-1.029320389866828833e+00
-1.028247651159763354e+00
-1.031783683121204387e+00
-1.029054949700832333e+00
-1.030983257830142996e+00
-1.029882519125938423e+00
-1.029840288937091897e+00
-1.034914310097694301e+00
-1.029067048490047487e+00
-1.030613122284412375e+00
-1.028776801109313910e+00
-1.031391840159892936e+00
-1.030315463125705655e+00
-1.030054096341133096e+00
-1.028570181548595475e+00
-1.028141328334808424e+00
-1.028606582164764305e+00
-1.029423643827438450e+00
-1.030836090803146421e+00
-1.027803805589675878e+00
-1.029340351402759479e+00
-1.032282764196395863e+00
