-1.011151497006416378e+00
-1.015362969636917079e+00
-1.009037328720092663e+00
-1.011096150398254290e+00
-1.010118675291538315e+00
-1.009894027471542444e+00
-1.014199855566024766e+00
-1.013203267276287178e+00
-1.014491364181041799e+00
-1.008848194241523721e+00
-1.011788575828075354e+00
-1.010556878805160430e+00
-1.012282893955707586e+00
-1.011363771975040349e+00
-1.011303044557571473e+00
-1.007769824326038455e+00
-1.011244450330734290e+00
-1.011324810981750533e+00
-1.012598038196563799e+00
-1.010202461123466566e+00
-1.010068920254707292e+00
-1.009728573143482189e+00
-1.011124251067638369e+00
-1.010740664839744563e+00
-1.012251734197139763e+00
-1.012548025786876638e+00
-1.011196455717086717e+00
-1.011811598241329158e+00
-1.013722432196140222e+00
-1.012424419581890112e+00
-1.013233130276203209e+00
-1.010013508379459468e+00
-1.012443038344383206e+00
-1.011329939424991498e+00
-1.010642818629741591e+00
-1.010205054342746767e+00
-1.009441360652446829e+00
-1.013208259820938206e+00
-1.011186170041561194e+00
-1.009896002292633099e+00
-1.011009378612041543e+00
-1.012411251664161682e+00
-1.009333550512790723e+00
-1.011191212952136986e+00
-1.011444279432296645e+00
-1.013230686366558109e+00
-1.012328932881355392e+00
-1.008106552779674425e+00
-1.011474734783172513e+00
-1.012674627423286511e+00
-1.013422413885593398e+00
-1.008423395097255648e+00
-1.011351056218147360e+00
-1.011203929603099905e+00
-1.010291406691074423e+00
-1.011114713668823217e+00
-1.011115431964397349e+00
-1.011916835546493587e+00
-1.007932497739791877e+00
-1.014628505349159271e+00
-1.011597255945205776e+00
-1.010767330765724115e+00
-1.012325640439987184e+00
-1.011782303810119688e+00
-1.009924197018146508e+00
-1.012080262720584933e+00
-1.007031731605529723e+00
-1.011194112002849588e+00
-1.014205624818801832e+00
-1.012074781119823408e+00
-1.010795398771762832e+00
-1.007968136906623791e+00
-1.011279582977294922e+00
-1.013464359343051902e+00
-1.008479789018631001e+00
-1.013643848538398728e+00
-1.011395947098731929e+00
-1.010520416259765630e+00
-1.014205722153186828e+00
-1.013024608433246598e+00
-1.011559601843357026e+00
-1.011095437705516797e+00
-1.010828846454620455e+00
-1.011775438785552872e+00
-1.013992371857166397e+00
-1.010599290966987640e+00
-1.010529625952243826e+00
-1.011383360266685516e+00
-1.012203881978988695e+00
-1.011478707432746926e+00
-1.010402115404605894e+00
-1.011409577071666677e+00
-1.011236591458320566e+00
-1.011259694755077376e+00
-1.014487670183181756e+00
-1.010759257674217260e+00
-1.012700723588466634e+00
-1.012090585887432059e+00
-1.008888364791870051e+00
-1.009993176817894023e+00
