-1.019646033227443738e+00
-1.016465763092041064e+00
-1.017803843796253105e+00
-1.019735079586505888e+00
-1.016993104875087761e+00
-1.019137188911438008e+00
-1.020509966254234291e+00
-1.018242706656455887e+00
-1.018588266432285394e+00
-1.017955916285514739e+00
-1.019358272016048339e+00
-1.020134628832340296e+00
-1.016678884565830332e+00
-1.016948239922523589e+00
-1.019382921695709321e+00
-1.020447140455245982e+00
-1.020319495797157305e+00
-1.017578681349754266e+00
-1.019371979355812030e+00
-1.019533572018146428e+00
-1.017761857211589849e+00
-1.017614177286624955e+00
-1.014250363588333093e+00
-1.018649176955223057e+00
-1.018966089904308259e+00
-1.019515248119831075e+00
-1.021296798944473228e+00
-1.018169204711913967e+00
-1.019508317410945830e+00
-1.019129033863544365e+00
-1.019675500333309115e+00
-1.016621264874935093e+00
-1.017487628400325805e+00
-1.019844539403915507e+00
-1.018514087080955477e+00
-1.021878376066684746e+00
-1.016420275449752886e+00
-1.020473986148834333e+00
-1.018639873206615531e+00
-1.019223113477230047e+00
-1.020298423767089790e+00
-1.020030297160148702e+00
-1.019110430121421773e+00
-1.019578305780887595e+00
-1.020613030374050156e+00
-1.018978856027126234e+00
-1.018305144190788214e+00
-1.017993578016757938e+00
-1.018209808170795538e+00
-1.018059813439845973e+00
-1.017657994985580405e+00
-1.017990469694137534e+00
-1.019432424128055681e+00
-1.020003861725330419e+00
-1.018140474915504523e+00
-1.016060688018798785e+00
-1.018264335453510361e+00
-1.018848202943801962e+00
-1.017850471794605305e+00
-1.017436233103275356e+00
-1.017651754498481775e+00
-1.017627757608890571e+00
-1.020981492519378753e+00
-1.018368558406829827e+00
-1.018873840689659138e+00
-1.019428488373756325e+00
-1.018216914713382826e+00
-1.017376243412494663e+00
-1.019489640116691520e+00
-1.019125494301319046e+00
-1.016622557878494204e+00
-1.021076293468475393e+00
-1.018594391524791698e+00
-1.017455518126487712e+00
-1.019099223196506587e+00
-1.018397570967674248e+00
-1.019155185818672260e+00
-1.017417834162712031e+00
-1.019881239891052171e+00
-1.018815153300762111e+00
-1.019413483977317902e+00
-1.018424805819988288e+00
-1.019116765439510353e+00
-1.018614014029502801e+00
-1.018383968353271385e+00
-1.016964547634124694e+00
-1.019264034748077474e+00
-1.017829849958419741e+00
-1.018712519586086218e+00
-1.018797274947166542e+00
-1.019235942423343699e+00
-1.018562258899211814e+00
-1.017566835284233084e+00
-1.018632894694805113e+00
-1.018252836465835642e+00
-1.016982278704643194e+00
-1.018194891810417113e+00
-1.019743333339691249e+00
-1.019152339816093544e+00
-1.019221228480339025e+00
