-9.999553978388524555e-01
-9.965370481532982438e-01
-9.972952541900459433e-01
-9.987820067073450714e-01
-9.983893297658295030e-01
-9.977616971858750405e-01
-9.980404473507887841e-01
-9.971481595350247806e-01
-9.983230138597288805e-01
-9.997265742177042780e-01
-9.958280451435596037e-01
-9.978906880497120380e-01
-9.976972488375085435e-01
-9.992295312046752809e-01
-9.960730330953667666e-01
-9.982974043753116700e-01
-9.988884761440113280e-01
-9.973692763561951002e-01
-9.997472895490434608e-01
-9.979510950861714136e-01
-9.964519596209738816e-01
-9.984850550085032639e-01
-9.980954266386450335e-01
-9.996273921555898223e-01
-9.981614965595280164e-01
-9.991289618067137335e-01
-9.967493580404442888e-01
-9.978197641441993726e-01
-9.989468386713084014e-01
-9.963723315818072690e-01
-9.987236698370672849e-01
-9.939242193088231314e-01
-9.988136206823734486e-01
-9.984785032608305411e-01
-9.992212698873971233e-01
-9.987597145503230855e-01
-9.965310090051883174e-01
-9.984140225262513324e-01
-9.979337271678512256e-01
-1.000027382990723357e+00
-9.991928020580489456e-01
-1.000393148876789429e+00
-9.980925041464783209e-01
-9.974200512572045652e-01
-9.997726977520490221e-01
-9.968767992718190474e-01
-9.980155053676922350e-01
-9.993245776397653435e-01
-9.966438069314282888e-01
-9.979382722524110516e-01
-9.967199205412418106e-01
-9.960940509839906198e-01
-9.963905564855179975e-01
-9.972170466874780148e-01
-9.986364341344061701e-01
-9.979089327808401411e-01
-9.983787921337687887e-01
-9.976210082481277164e-01
-9.985441709574841562e-01
-9.975749599847969495e-01
-9.982858534888112700e-01
-9.985922095847914459e-01
-9.981652608447080244e-01
-9.985609723456801978e-01
-9.999845905812487779e-01
-9.981391120328418909e-01
-9.971322609919959223e-01
-9.983759230846935839e-01
-9.970911265488264785e-01
-1.000331629273869760e+00
-9.971177109082355328e-01
-9.980762945919697815e-01
-9.966250952577253575e-01
-9.982062645131922762e-01
-9.979116471181395109e-01
-9.970727753787015368e-01
-9.969491042358161748e-01
-9.971411158179593892e-01
-9.986305234900032524e-01
-9.973803594099361902e-01
-9.978834677083914251e-01
-9.986706339346099748e-01
-9.952975834491726292e-01
-9.961467172010165516e-01
-9.964969158670113902e-01
-9.988573775541137456e-01
-9.976965196692614279e-01
-9.970886257920948958e-01
-9.979943532657222782e-01
-9.981924465198958041e-01
-9.992531946419140887e-01
-9.976006889633188823e-01
-9.978490197071022694e-01
-9.983428996403344025e-01
-9.967211145832828301e-01
-9.983788253703758109e-01
-9.982349544803692520e-01
-9.969508233287851517e-01
-1.000157412563001502e+00
-9.984080630164851033e-01
